45.998065 -73.487403 0.0
45.555405 -73.134820 0.0
45.259466 -74.291678 0.0
46.008981 -73.158515 0.0
45.902471 -73.491221 0.0
45.205292 -73.614153 0.0
45.532458 -73.460943 0.0
45.011749 -73.802102 0.0
45.249275 -73.824704 0.0
46.066895 -73.566956 0.0
45.318783 -74.365166 0.0
45.705847 -73.165043 0.0
45.180621 -72.846839 0.0
45.657670 -73.443551 0.0
45.038438 -74.102409 0.0
45.428044 -74.401777 0.0
45.955223 -73.710764 0.0
45.132561 -73.777796 0.0
45.077696 -74.155339 0.0
44.982387 -73.990131 0.0
46.007554 -73.385545 0.0
45.426253 -73.183566 0.0
45.519224 -73.347333 0.0
45.464955 -73.318464 0.0
45.167890 -73.061404 0.0
45.596571 -73.070203 0.0
45.800376 -73.780185 0.0
45.107079 -74.058626 0.0
45.465883 -73.969013 0.0
45.314769 -73.350125 0.0
45.100131 -74.289614 0.0
45.312042 -74.215589 0.0
45.594161 -74.415019 0.0
45.795695 -73.513739 0.0
45.460600 -73.097800 0.0
45.771230 -73.745086 0.0
45.266636 -72.826318 0.0
45.095345 -73.155838 0.0
44.916960 -73.380013 0.0
45.506877 -73.137043 0.0
45.462213 -72.928039 0.0
45.886170 -74.011924 0.0
45.576350 -73.041918 0.0
44.871274 -73.653755 0.0
45.681871 -73.520858 0.0
45.354627 -73.813882 0.0
45.004545 -73.223794 0.0
45.383030 -73.446452 0.0
44.881095 -73.763355 0.0
45.898465 -74.280380 0.0
45.487639 -73.694779 0.0
44.993300 -73.771015 0.0
45.293878 -73.959886 0.0
45.306820 -73.480248 0.0
45.907027 -73.773408 0.0
45.450408 -72.760945 0.0
45.693389 -73.026322 0.0
45.913835 -74.224649 0.0
45.278651 -73.976650 0.0
45.782114 -73.024701 0.0
44.966092 -73.792416 0.0
44.953622 -73.750499 0.0
45.493225 -73.580777 0.0
45.579421 -73.654106 0.0
45.790196 -74.334794 0.0
45.826802 -73.422392 0.0
46.058390 -73.875842 0.0
45.316150 -73.576851 0.0
45.511044 -73.836179 0.0
45.881833 -73.031506 0.0
45.086352 -73.790950 0.0
45.725845 -73.932782 0.0
45.597522 -73.031512 0.0
45.441757 -74.255488 0.0
45.393051 -73.226432 0.0
45.129835 -74.325727 0.0
45.085134 -73.665632 0.0
45.534729 -73.290969 0.0
45.188331 -73.875608 0.0
45.556280 -73.175931 0.0
45.385828 -73.775888 0.0
45.750013 -73.841038 0.0
46.027703 -73.240754 0.0
45.350056 -73.983281 0.0
45.696702 -73.292314 0.0
44.949807 -73.975682 0.0
45.593567 -74.203999 0.0
45.707255 -72.847505 0.0
45.321799 -73.482407 0.0
45.098345 -73.479541 0.0
44.924858 -76.411700 0.0
44.999581 -76.577291 0.0
45.668947 -75.921436 0.0
45.781940 -76.466203 0.0
45.860579 -76.786297 0.0
45.648416 -75.343647 0.0
45.751566 -75.899483 0.0
45.915803 -76.698765 0.0
45.208092 -76.564363 0.0
45.724247 -76.320843 0.0
46.079846 -76.294609 0.0
45.917378 -76.719305 0.0
45.491629 -76.311147 0.0
45.829664 -76.388386 0.0
45.871038 -76.777614 0.0
45.440152 -75.364379 0.0
45.935404 -75.668497 0.0
45.871382 -76.822139 0.0
45.620836 -76.557740 0.0
45.354586 -75.595907 0.0
45.578910 -75.375537 0.0
45.533932 -76.040334 0.0
45.737838 -76.558060 0.0
45.387155 -75.300061 0.0
45.091976 -75.745254 0.0
44.891444 -76.371050 0.0
45.957577 -75.591954 0.0
45.769553 -75.371465 0.0
45.439970 -75.291448 0.0
45.309671 -76.051607 0.0
45.290339 -75.462686 0.0
45.010259 -76.220236 0.0
45.153055 -76.428465 0.0
45.418497 -76.608954 0.0
45.523150 -76.186679 0.0
45.411661 -76.818076 0.0
45.240192 -76.850605 0.0
45.844395 -75.938885 0.0
45.251828 -75.527859 0.0
45.704102 -76.581492 0.0
45.333641 -75.444521 0.0
45.205794 -75.897635 0.0
45.386812 -75.622577 0.0
45.302534 -76.016146 0.0
45.230333 -76.953082 0.0
45.051817 -76.737421 0.0
45.169617 -76.316429 0.0
45.497079 -76.152358 0.0
45.137647 -76.454145 0.0
45.002029 -76.011137 0.0
45.594812 -75.587215 0.0
45.852835 -76.530063 0.0
45.772014 -75.467302 0.0
45.317227 -76.195397 0.0
45.244096 -75.554308 0.0
45.504080 -76.983938 0.0
45.582072 -75.441351 0.0
45.778105 -76.108624 0.0
45.191754 -76.100732 0.0
46.021516 -75.803586 0.0
45.221650 -76.591649 0.0
45.408035 -76.544411 0.0
45.516755 -75.537832 0.0
46.010485 -76.144616 0.0
45.568651 -76.943515 0.0
45.316468 -76.036884 0.0
45.755309 -76.268503 0.0
45.931454 -75.969057 0.0
45.682368 -76.536105 0.0
45.635263 -76.746430 0.0
46.013769 -76.225870 0.0
45.962850 -76.384381 0.0
45.047615 -76.722315 0.0
44.965403 -76.192905 0.0
44.951075 -76.412937 0.0
45.476194 -77.021559 0.0
45.474922 -75.551148 0.0
45.296595 -76.510482 0.0
44.953065 -76.275059 0.0
45.423147 -75.466195 0.0
45.460923 -75.925836 0.0
45.360579 -75.745275 0.0
45.799068 -75.664824 0.0
45.395391 -76.576123 0.0
45.987458 -75.873038 0.0
45.111727 -76.321961 0.0
45.608939 -75.611055 0.0
45.837848 -76.498292 0.0
45.338233 -76.817731 0.0
45.557103 -76.998796 0.0
45.888675 -76.149447 0.0
45.508166 -76.703497 0.0
46.057828 -76.409756 0.0
45.493628 -76.752342 0.0
45.128642 -76.571735 0.0
45.556550 -75.755246 0.0
45.909425 -76.062276 0.0
45.342546 -76.640785 0.0
45.704025 -75.677485 0.0
45.799785 -75.727929 0.0
45.990338 -76.050320 0.0
45.136106 -76.392316 0.0
45.435215 -76.285743 0.0
45.274387 -76.091005 0.0
45.397460 -76.031061 0.0
45.365294 -75.803385 0.0
45.100984 -75.629495 0.0
45.769233 -76.849130 0.0
45.775718 -75.947566 0.0
45.414880 -76.200709 0.0
45.129469 -75.442003 0.0
45.599148 -76.881543 0.0
45.513540 -76.896109 0.0
45.692249 -75.337236 0.0
45.551821 -76.064968 0.0
45.391397 -76.449589 0.0
45.594684 -75.507962 0.0
45.555893 -76.918245 0.0
45.298144 -76.399976 0.0
45.910157 -75.657140 0.0
46.056850 -76.349049 0.0
45.704648 -76.122479 0.0
45.344738 -76.621072 0.0
45.008330 -75.637467 0.0
45.973606 -75.820366 0.0
45.134681 -76.706105 0.0
45.528341 -76.454352 0.0
45.030432 -76.659393 0.0
45.718286 -76.201722 0.0
45.180056 -75.517932 0.0
45.216375 -75.742174 0.0
45.256720 -75.632309 0.0
45.755168 -76.915126 0.0
45.698685 -76.241289 0.0
45.738621 -76.801360 0.0
45.012607 -75.871609 0.0
46.027548 -76.335889 0.0
45.617192 -76.606670 0.0
45.039852 -76.101684 0.0
45.450499 -76.759591 0.0
45.694869 -76.544131 0.0
45.991657 -75.745205 0.0
45.522825 -75.325822 0.0
45.169330 -76.561944 0.0
45.881934 -76.070658 0.0
45.741591 -75.414980 0.0
45.585982 -76.565811 0.0
45.768694 -76.528543 0.0
45.413237 -75.426833 0.0
45.560185 -76.199060 0.0
45.998065 -70.917403 0.0
45.555405 -70.564820 0.0
45.259466 -71.721678 0.0
46.008981 -70.588515 0.0
45.902471 -70.921221 0.0
45.205292 -71.044153 0.0
45.532458 -70.890943 0.0
45.011749 -71.232102 0.0
45.249275 -71.254704 0.0
46.066895 -70.996956 0.0
45.318783 -71.795166 0.0
45.705847 -70.595043 0.0
45.180621 -70.276839 0.0
45.657670 -70.873551 0.0
45.038438 -71.532409 0.0
45.428044 -71.831777 0.0
45.955223 -71.140764 0.0
45.132561 -71.207796 0.0
45.077696 -71.585339 0.0
44.982387 -71.420131 0.0
46.007554 -70.815545 0.0
45.426253 -70.613566 0.0
45.519224 -70.777333 0.0
45.464955 -70.748464 0.0
45.167890 -70.491404 0.0
45.596571 -70.500203 0.0
45.800376 -71.210185 0.0
45.107079 -71.488626 0.0
45.465883 -71.399013 0.0
45.314769 -70.780125 0.0
45.100131 -71.719614 0.0
45.312042 -71.645589 0.0
45.594161 -71.845019 0.0
45.795695 -70.943739 0.0
45.460600 -70.527800 0.0
45.771230 -71.175086 0.0
45.266636 -70.256318 0.0
45.095345 -70.585838 0.0
44.916960 -70.810013 0.0
45.506877 -70.567043 0.0
45.462213 -70.358039 0.0
45.886170 -71.441924 0.0
45.576350 -70.471918 0.0
44.871274 -71.083755 0.0
45.681871 -70.950858 0.0
45.354627 -71.243882 0.0
45.004545 -70.653794 0.0
45.383030 -70.876452 0.0
44.881095 -71.193355 0.0
45.898465 -71.710380 0.0
45.487639 -71.124779 0.0
44.993300 -71.201015 0.0
45.293878 -71.389886 0.0
45.306820 -70.910248 0.0
45.907027 -71.203408 0.0
45.450408 -70.190945 0.0
45.693389 -70.456322 0.0
45.913835 -71.654649 0.0
45.278651 -71.406650 0.0
45.782114 -70.454701 0.0
44.966092 -71.222416 0.0
44.953622 -71.180499 0.0
45.493225 -71.010777 0.0
45.579421 -71.084106 0.0
45.790196 -71.764794 0.0
45.826802 -70.852392 0.0
46.058390 -71.305842 0.0
45.316150 -71.006851 0.0
45.511044 -71.266179 0.0
45.881833 -70.461506 0.0
45.086352 -71.220950 0.0
45.725845 -71.362782 0.0
45.597522 -70.461512 0.0
45.441757 -71.685488 0.0
45.393051 -70.656432 0.0
45.129835 -71.755727 0.0
45.085134 -71.095632 0.0
45.534729 -70.720969 0.0
45.188331 -71.305608 0.0
45.556280 -70.605931 0.0
45.385828 -71.205888 0.0
45.750013 -71.271038 0.0
46.027703 -70.670754 0.0
45.350056 -71.413281 0.0
45.696702 -70.722314 0.0
44.949807 -71.405682 0.0
45.593567 -71.633999 0.0
45.707255 -70.277505 0.0
45.321799 -70.912407 0.0
45.098345 -70.909541 0.0
45.250623 -71.710891 0.0
46.009766 -70.512559 0.0
45.287071 -70.546636 0.0
45.504942 -70.194841 0.0
45.239175 -70.905495 0.0
45.426928 -70.454976 0.0
45.779263 -71.238510 0.0
45.770322 -71.488234 0.0
45.944392 -70.821399 0.0
45.824399 -71.801187 0.0
46.055517 -71.425295 0.0
45.791607 -70.313100 0.0
45.599241 -70.419191 0.0
45.872566 -70.824800 0.0
45.886568 -71.081055 0.0
45.568992 -71.482767 0.0
45.123424 -70.747721 0.0
46.116770 -71.055315 0.0
45.407292 -71.687578 0.0
45.428225 -70.691142 0.0
44.954556 -71.452612 0.0
45.494094 -71.692454 0.0
45.369823 -71.138546 0.0
45.768997 -71.539683 0.0
45.742661 -71.117087 0.0
45.570038 -70.795764 0.0
45.279731 -71.648814 0.0
45.723098 -70.731524 0.0
45.514148 -70.181297 0.0
45.144249 -71.502928 0.0
45.146822 -71.322351 0.0
45.918133 -71.289462 0.0
45.439911 -71.427494 0.0
45.255626 -70.762304 0.0
45.340295 -70.328695 0.0
45.504154 -71.535881 0.0
45.335948 -70.967209 0.0
46.129954 -71.052048 0.0
45.539164 -70.792969 0.0
45.796621 -71.218654 0.0
45.929596 -71.610874 0.0
45.709972 -70.572402 0.0
45.334284 -71.816786 0.0
45.991629 -71.086387 0.0
46.009367 -70.994250 0.0
45.325962 -70.255528 0.0
45.976289 -71.304344 0.0
45.672938 -70.811291 0.0
45.305110 -71.126613 0.0
45.239739 -71.317389 0.0
45.653558 -70.299985 0.0
45.455929 -70.316226 0.0
45.865083 -71.382376 0.0
45.985237 -70.576500 0.0
45.431518 -70.452639 0.0
45.504968 -71.083104 0.0
45.462224 -70.313865 0.0
44.985434 -71.277136 0.0
45.911657 -70.994273 0.0
45.628388 -71.195404 0.0
45.998344 -70.918353 0.045.554955 -70.565374 0.045.259939 -71.721325 0.046.009765 -70.589341 0.045.902315 -70.922161 0.045.204729 -71.044142 0.045.531511 -70.891545 0.045.012049 -71.232012 0.045.248716 -71.254525 0.046.067514 -70.997943 0.045.319395 -71.794770 0.045.705528 -70.595732 0.045.181535 -70.277166 0.045.656855 -70.874358 0.045.039133 -71.532202 0.045.428658 -71.831318 0.045.955295 -71.139818 0.045.132318 -71.207692 0.045.078355 -71.585102 0.044.983110 -71.419976 0.046.007963 -70.816453 0.045.425709 -70.613987 0.045.518384 -70.777867 0.045.464157 -70.748908 0.045.168161 -70.491674 0.045.596311 -70.500784 0.045.799910 -71.209312 0.045.107375 -71.488408 0.045.465225 -71.398555 0.045.314096 -70.780366 0.045.101110 -71.719334 0.045.312156 -71.645220 0.045.594847 -71.844467 0.045.795153 -70.944675 0.045.460231 -70.528265 0.045.770652 -71.174200 0.045.267389 -70.256689 0.045.095656 -70.586047 0.044.917789 -70.810095 0.045.506407 -70.567550 0.045.462336 -70.358514 0.045.886339 -71.441128 0.045.576149 -70.472479 0.044.872269 -71.083736 0.045.681053 -70.951764 0.045.353846 -71.243627 0.045.005129 -70.653950 0.045.382157 -70.876689 0.044.882087 -71.193297 0.045.899407 -71.709658 0.045.486662 -71.124338 0.044.993663 -71.200941 0.045.293412 -71.389604 0.045.306043 -70.910378 0.045.906934 -71.202500 0.045.451160 -70.191418 0.045.693390 -70.456965 0.045.914660 -71.653908 0.045.278248 -71.406372 0.045.782332 -70.455395 0.0